#end
finals: ['Final']
size: {'bygoal': 159, 'byname': 63}
 [] 14  8  4
  9  0  2  1
  5  6 10 13
  7 12  3 11
20.153223752975464
[[(0, 0), (0, 2), (0, 1), (0, 3), (0, 0), (0, 0), (0, 0), (0, 2), (0, 1), (0, 3), (0, 0), (0, 2), (0, 1), (0, 1), (0, 3), (0, 0), (0, 2), (0, 0), (0, 2), (0, 1), (0, 1), (0, 3), (0, 0), (0, 2), (0, 2), (0, 1), (0, 3), (0, 1), (0, 3), (0, 0), (0, 0), (0, 2), (0, 0), (0, 3), (0, 1), (0, 3), (0, 0), (0, 2), (0, 1), (0, 1), (0, 2), (0, 1), (0, 2), (0, 0), (0, 0), (0, 3), (0, 1), (0, 1), (0, 2), (0, 0), (0, 0), (0, 3), (0, 0), (0, 2), (0, 1), (0, 1), (0, 3), (0, 0), (0, 0), (0, 3), (0, 1), (0, 2), (0, 0), (0, 2), (0, 1), (0, 1), (0, 3), (0, 0), (0, 2), (0, 0), (0, 3), (0, 1), (0, 3), (0, 0), (0, 2), (0, 1), (0, 2), (0, 0)]]
msg
(0, 0)
board
 14 []  8  4
  9  0  2  1
  5  6 10 13
  7 12  3 11

msg
(0, 2)
board
 14  0  8  4
  9 []  2  1
  5  6 10 13
  7 12  3 11

msg
(0, 1)
board
 14  0  8  4
 []  9  2  1
  5  6 10 13
  7 12  3 11

msg
(0, 3)
board
 []  0  8  4
 14  9  2  1
  5  6 10 13
  7 12  3 11

msg
(0, 0)
board
  0 []  8  4
 14  9  2  1
  5  6 10 13
  7 12  3 11

msg
(0, 0)
board
  0  8 []  4
 14  9  2  1
  5  6 10 13
  7 12  3 11

msg
(0, 0)
board
  0  8  4 []
 14  9  2  1
  5  6 10 13
  7 12  3 11

msg
(0, 2)
board
  0  8  4  1
 14  9  2 []
  5  6 10 13
  7 12  3 11

msg
(0, 1)
board
  0  8  4  1
 14  9 []  2
  5  6 10 13
  7 12  3 11

msg
(0, 3)
board
  0  8 []  1
 14  9  4  2
  5  6 10 13
  7 12  3 11

msg
(0, 0)
board
  0  8  1 []
 14  9  4  2
  5  6 10 13
  7 12  3 11

msg
(0, 2)
board
  0  8  1  2
 14  9  4 []
  5  6 10 13
  7 12  3 11

msg
(0, 1)
board
  0  8  1  2
 14  9 []  4
  5  6 10 13
  7 12  3 11

msg
(0, 1)
board
  0  8  1  2
 14 []  9  4
  5  6 10 13
  7 12  3 11

msg
(0, 3)
board
  0 []  1  2
 14  8  9  4
  5  6 10 13
  7 12  3 11

msg
(0, 0)
board
  0  1 []  2
 14  8  9  4
  5  6 10 13
  7 12  3 11

msg
(0, 2)
board
  0  1  9  2
 14  8 []  4
  5  6 10 13
  7 12  3 11

msg
(0, 0)
board
  0  1  9  2
 14  8  4 []
  5  6 10 13
  7 12  3 11

msg
(0, 2)
board
  0  1  9  2
 14  8  4 13
  5  6 10 []
  7 12  3 11

msg
(0, 1)
board
  0  1  9  2
 14  8  4 13
  5  6 [] 10
  7 12  3 11

msg
(0, 1)
board
  0  1  9  2
 14  8  4 13
  5 []  6 10
  7 12  3 11

msg
(0, 3)
board
  0  1  9  2
 14 []  4 13
  5  8  6 10
  7 12  3 11

msg
(0, 0)
board
  0  1  9  2
 14  4 [] 13
  5  8  6 10
  7 12  3 11

msg
(0, 2)
board
  0  1  9  2
 14  4  6 13
  5  8 [] 10
  7 12  3 11

msg
(0, 2)
board
  0  1  9  2
 14  4  6 13
  5  8  3 10
  7 12 [] 11

msg
(0, 1)
board
  0  1  9  2
 14  4  6 13
  5  8  3 10
  7 [] 12 11

msg
(0, 3)
board
  0  1  9  2
 14  4  6 13
  5 []  3 10
  7  8 12 11

msg
(0, 1)
board
  0  1  9  2
 14  4  6 13
 []  5  3 10
  7  8 12 11

msg
(0, 3)
board
  0  1  9  2
 []  4  6 13
 14  5  3 10
  7  8 12 11

msg
(0, 0)
board
  0  1  9  2
  4 []  6 13
 14  5  3 10
  7  8 12 11

msg
(0, 0)
board
  0  1  9  2
  4  6 [] 13
 14  5  3 10
  7  8 12 11

msg
(0, 2)
board
  0  1  9  2
  4  6  3 13
 14  5 [] 10
  7  8 12 11

msg
(0, 0)
board
  0  1  9  2
  4  6  3 13
 14  5 10 []
  7  8 12 11

msg
(0, 3)
board
  0  1  9  2
  4  6  3 []
 14  5 10 13
  7  8 12 11

msg
(0, 1)
board
  0  1  9  2
  4  6 []  3
 14  5 10 13
  7  8 12 11

msg
(0, 3)
board
  0  1 []  2
  4  6  9  3
 14  5 10 13
  7  8 12 11

msg
(0, 0)
board
  0  1  2 []
  4  6  9  3
 14  5 10 13
  7  8 12 11

msg
(0, 2)
board
  0  1  2  3
  4  6  9 []
 14  5 10 13
  7  8 12 11

msg
(0, 1)
board
  0  1  2  3
  4  6 []  9
 14  5 10 13
  7  8 12 11

msg
(0, 1)
board
  0  1  2  3
  4 []  6  9
 14  5 10 13
  7  8 12 11

msg
(0, 2)
board
  0  1  2  3
  4  5  6  9
 14 [] 10 13
  7  8 12 11

msg
(0, 1)
board
  0  1  2  3
  4  5  6  9
 [] 14 10 13
  7  8 12 11

msg
(0, 2)
board
  0  1  2  3
  4  5  6  9
  7 14 10 13
 []  8 12 11

msg
(0, 0)
board
  0  1  2  3
  4  5  6  9
  7 14 10 13
  8 [] 12 11

msg
(0, 0)
board
  0  1  2  3
  4  5  6  9
  7 14 10 13
  8 12 [] 11

msg
(0, 3)
board
  0  1  2  3
  4  5  6  9
  7 14 [] 13
  8 12 10 11

msg
(0, 1)
board
  0  1  2  3
  4  5  6  9
  7 [] 14 13
  8 12 10 11

msg
(0, 1)
board
  0  1  2  3
  4  5  6  9
 []  7 14 13
  8 12 10 11

msg
(0, 2)
board
  0  1  2  3
  4  5  6  9
  8  7 14 13
 [] 12 10 11

msg
(0, 0)
board
  0  1  2  3
  4  5  6  9
  8  7 14 13
 12 [] 10 11

msg
(0, 0)
board
  0  1  2  3
  4  5  6  9
  8  7 14 13
 12 10 [] 11

msg
(0, 3)
board
  0  1  2  3
  4  5  6  9
  8  7 [] 13
 12 10 14 11

msg
(0, 0)
board
  0  1  2  3
  4  5  6  9
  8  7 13 []
 12 10 14 11

msg
(0, 2)
board
  0  1  2  3
  4  5  6  9
  8  7 13 11
 12 10 14 []

msg
(0, 1)
board
  0  1  2  3
  4  5  6  9
  8  7 13 11
 12 10 [] 14

msg
(0, 1)
board
  0  1  2  3
  4  5  6  9
  8  7 13 11
 12 [] 10 14

msg
(0, 3)
board
  0  1  2  3
  4  5  6  9
  8 [] 13 11
 12  7 10 14

msg
(0, 0)
board
  0  1  2  3
  4  5  6  9
  8 13 [] 11
 12  7 10 14

msg
(0, 0)
board
  0  1  2  3
  4  5  6  9
  8 13 11 []
 12  7 10 14

msg
(0, 3)
board
  0  1  2  3
  4  5  6 []
  8 13 11  9
 12  7 10 14

msg
(0, 1)
board
  0  1  2  3
  4  5 []  6
  8 13 11  9
 12  7 10 14

msg
(0, 2)
board
  0  1  2  3
  4  5 11  6
  8 13 []  9
 12  7 10 14

msg
(0, 0)
board
  0  1  2  3
  4  5 11  6
  8 13  9 []
 12  7 10 14

msg
(0, 2)
board
  0  1  2  3
  4  5 11  6
  8 13  9 14
 12  7 10 []

msg
(0, 1)
board
  0  1  2  3
  4  5 11  6
  8 13  9 14
 12  7 [] 10

msg
(0, 1)
board
  0  1  2  3
  4  5 11  6
  8 13  9 14
 12 []  7 10

msg
(0, 3)
board
  0  1  2  3
  4  5 11  6
  8 []  9 14
 12 13  7 10

msg
(0, 0)
board
  0  1  2  3
  4  5 11  6
  8  9 [] 14
 12 13  7 10

msg
(0, 2)
board
  0  1  2  3
  4  5 11  6
  8  9  7 14
 12 13 [] 10

msg
(0, 0)
board
  0  1  2  3
  4  5 11  6
  8  9  7 14
 12 13 10 []

msg
(0, 3)
board
  0  1  2  3
  4  5 11  6
  8  9  7 []
 12 13 10 14

msg
(0, 1)
board
  0  1  2  3
  4  5 11  6
  8  9 []  7
 12 13 10 14

msg
(0, 3)
board
  0  1  2  3
  4  5 []  6
  8  9 11  7
 12 13 10 14

msg
(0, 0)
board
  0  1  2  3
  4  5  6 []
  8  9 11  7
 12 13 10 14

msg
(0, 2)
board
  0  1  2  3
  4  5  6  7
  8  9 11 []
 12 13 10 14

msg
(0, 1)
board
  0  1  2  3
  4  5  6  7
  8  9 [] 11
 12 13 10 14

msg
(0, 2)
board
  0  1  2  3
  4  5  6  7
  8  9 10 11
 12 13 [] 14

msg
(0, 0)
board
  0  1  2  3
  4  5  6  7
  8  9 10 11
 12 13 14 []

