15 15
223 224
220 221
219 220
218 219
217 218
216 217
214 215
213 214
212 213
211 212
210 211
208 223
207 222
207 208
206 221
204 219
203 204
202 217
200 201
198 213
196 211
195 210
194 209
193 208
193 194
192 207
191 206
191 192
190 205
189 190
187 188
186 201
186 187
184 199
184 185
183 184
182 197
182 183
181 196
181 182
180 181
179 194
178 179
176 191
176 177
175 190
175 176
174 189
173 174
171 186
171 172
170 185
170 171
169 170
166 181
166 167
165 166
164 179
163 178
162 163
161 176
159 174
159 160
158 159
157 158
155 170
153 168
152 153
151 166
151 152
149 164
148 149
147 148
146 161
145 146
143 144
142 143
141 156
141 142
140 155
139 154
139 140
138 139
136 137
135 150
135 136
133 148
133 134
132 133
130 145
130 131
129 144
129 130
127 142
127 128
125 140
125 126
124 125
122 123
121 136
121 122
120 121
119 134
117 132
115 116
114 115
113 114
112 127
112 113
111 126
110 125
109 124
108 123
108 109
107 108
105 106
103 118
103 104
102 103
100 115
100 101
99 114
97 112
97 98
96 111
96 97
95 110
93 108
93 94
92 93
91 106
91 92
90 91
89 104
87 102
86 101
86 87
85 86
84 85
82 97
81 82
80 81
78 79
77 78
76 91
75 90
74 89
73 88
73 74
72 87
71 86
70 71
68 83
68 69
67 82
67 68
66 81
65 66
64 79
64 65
63 64
62 63
60 61
58 59
57 72
57 58
56 57
55 70
53 54
50 51
49 64
48 49
47 48
46 47
45 60
45 46
43 44
42 57
42 43
41 42
40 41
39 40
38 53
38 39
37 52
36 37
35 50
33 48
33 34
31 32
30 45
28 43
28 29
26 27
25 40
25 26
24 39
23 38
22 37
22 23
21 36
20 35
20 21
19 20
18 19
17 32
17 18
16 17
15 16
14 29
13 28
12 13
11 26
10 11
9 10
8 23
7 22
6 7
4 19
4 5
3 4
2 3
0 15
0 1
