15 15
223 224
221 222
218 219
217 218
214 215
210 211
209 224
208 223
206 221
206 207
205 220
204 205
203 218
203 204
202 203
201 216
200 201
199 214
198 213
197 212
197 198
196 211
196 197
195 210
194 209
193 208
191 206
191 192
190 205
188 203
187 188
186 201
186 187
185 200
184 199
183 198
183 184
182 197
181 182
179 194
178 193
177 192
176 177
175 176
174 189
174 175
173 174
172 187
171 172
170 185
169 170
168 183
168 169
165 180
165 166
163 178
163 164
162 177
162 163
161 176
160 161
159 174
158 173
157 172
156 157
155 170
154 169
153 168
152 167
151 152
150 165
150 151
148 163
147 162
146 161
144 145
143 144
142 157
140 155
139 154
138 139
136 151
136 137
135 150
134 149
133 148
132 133
131 146
130 131
128 143
127 128
126 141
125 126
124 125
123 138
123 124
122 123
120 135
120 121
119 134
118 119
117 132
117 118
116 117
114 129
113 114
112 127
109 110
108 123
108 109
106 121
106 107
103 118
103 104
102 117
101 116
100 115
100 101
99 114
99 100
98 99
97 112
97 98
96 111
95 96
94 95
93 108
93 94
92 107
92 93
90 105
90 91
87 88
86 87
85 100
85 86
83 84
82 97
81 96
81 82
80 95
79 80
76 77
75 90
74 89
73 88
72 73
71 86
70 85
69 84
67 82
67 68
66 81
65 80
64 79
63 78
62 77
62 63
61 62
60 75
60 61
59 74
58 73
58 59
57 72
56 71
55 70
54 69
54 55
53 68
51 66
51 52
50 65
49 64
46 61
44 59
43 58
41 56
41 42
39 54
39 40
37 38
36 51
34 35
33 48
33 34
32 47
31 46
31 32
30 45
30 31
28 43
28 29
27 42
25 26
24 25
23 38
23 24
22 37
21 36
21 22
19 34
18 33
16 31
16 17
15 16
13 28
13 14
12 27
11 12
10 11
8 9
7 8
6 21
6 7
5 20
5 6
4 19
4 5
3 4
2 17
2 3
1 16
0 1
