15 15
223 224
220 221
219 220
212 213
211 212
208 223
208 209
207 222
206 207
205 220
203 218
202 217
202 203
201 216
200 215
200 201
199 214
199 200
198 213
197 198
196 211
195 210
194 209
193 208
192 207
192 193
191 206
190 205
190 191
189 204
189 190
188 203
188 189
187 188
186 187
184 199
184 185
183 198
183 184
182 183
180 195
180 181
179 194
178 179
176 177
174 175
172 187
172 173
171 172
170 171
169 170
168 183
167 182
166 181
163 178
163 164
161 176
161 162
160 161
159 174
158 173
158 159
157 172
155 170
154 169
153 168
153 154
151 166
151 152
150 165
150 151
148 149
146 161
145 160
144 159
144 145
143 158
141 156
141 142
140 155
140 141
139 140
138 139
137 152
137 138
136 137
135 150
134 149
133 134
132 147
132 133
131 146
131 132
130 145
128 143
128 129
127 128
126 127
123 138
123 124
122 123
121 122
120 135
118 119
115 130
114 129
113 128
112 113
111 126
110 125
108 109
106 121
103 118
103 104
102 117
101 116
100 115
100 101
97 112
97 98
95 110
93 108
93 94
92 107
91 106
91 92
90 105
89 104
88 103
87 102
86 87
85 100
85 86
84 99
83 84
82 83
81 96
81 82
80 95
80 81
79 94
79 80
78 93
75 90
75 76
74 89
73 88
72 73
71 86
71 72
70 85
69 70
68 83
65 66
64 79
64 65
63 78
62 77
62 63
61 76
61 62
60 61
58 59
57 58
56 71
56 57
54 69
53 68
52 67
52 53
48 63
46 61
46 47
45 60
44 59
43 44
42 43
41 42
40 55
39 40
38 53
38 39
37 52
36 51
36 37
35 50
34 49
34 35
33 34
32 33
31 46
31 32
30 45
29 44
28 43
27 28
26 27
24 39
24 25
23 38
22 23
21 22
20 21
19 20
18 19
17 18
16 31
15 16
13 28
13 14
11 26
11 12
10 11
9 24
9 10
8 9
6 21
6 7
5 20
4 5
2 17
2 3
0 15
0 1
