#end
finals: ['Final']
size: {'byname': 75, 'bygoal': 75}
 14  6  7  3
  2  4  8  0
  5  9 11 13
 10 []  1 12
[14, 6, 7, 3, 2, 4, 8, 0, 5, 9, 11, 13, 10, 15, 1, 12]
GG ['E2', 'D2', 'D3'] 1
  0  4 []  7
 14  2  6  3
  5  9  8 13
 10  1 11 12
GG ['E2', 'D2'] 1
  0 []  4  7
 14  2  6  3
  5  9  8 13
 10  1 11 12
GG ['E2', 'D1'] 1
  0 []  4  7
 14  2  6  3
  5  9  8 13
 10  1 11 12
GG ['E2', 'D'] 1
  0 []  4  7
 14  2  6  3
  5  9  8 13
 10  1 11 12
GG ['E2', 'E3'] 2
 14  0 []  7
  2  6  4  3
  5  9  8 13
 10  1 11 12
GG ['E2'] 2
 14  6  0  7
  2  4 []  3
  5  9  8 13
 10  1 11 12
41.92367959022522
[[(0, [3]), (0, [3]), (0, [0]), (0, [0]), (0, [3]), (0, [1]), (0, [2]), (0, [1]), (0, [3]), (0, [0]), (0, [2]), (0, [1]), (0, [1]), (0, [3]), (0, [0]), (0, [2]), (0, [2]), (0, [1]), (0, [3]), (0, [0]), (0, [0]), (0, [2]), (0, [2]), (0, [1]), (0, [3]), (0, [0]), (0, [3]), (0, [1]), (0, [2]), (0, [0]), (0, [3]), (0, [3]), (0, [1]), (0, [2]), (0, [3]), (0, [0]), (0, [0]), (0, [2]), (0, [1]), (0, [3]), (0, [1]), (0, [2]), (0, [2]), (0, [2]), (0, [0]), (0, [3]), (0, [1]), (0, [1]), (0, [2]), (0, [0]), (0, [0]), (0, [0]), (0, [3]), (0, [1]), (0, [2]), (0, [1]), (0, [3]), (0, [0]), (0, [3]), (0, [0]), (0, [2]), (0, [1]), (0, [3]), (0, [2]), (0, [2]), (0, [1]), (0, [1]), (0, [3]), (0, [0]), (0, [0]), (0, [3]), (0, [1]), (0, [2]), (0, [0]), (0, [2]), (0, [1]), (0, [1]), (0, [3]), (0, [0]), (0, [3]), (0, [0]), (0, [0]), (0, [2]), (0, [1]), (0, [1]), (0, [3]), (0, [0]), (0, [2]), (0, [1]), (0, [2]), (0, [0]), (0, [0]), (0, [3]), (0, [1]), (0, [1]), (0, [2]), (0, [0]), (0, [0])]] 98
from-to

E2

move
[3]

board
 14  6  7  3
  2  4  8  0
  5 [] 11 13
 10  9  1 12

move
[3]

board
 14  6  7  3
  2 []  8  0
  5  4 11 13
 10  9  1 12

move
[0]

board
 14  6  7  3
  2  8 []  0
  5  4 11 13
 10  9  1 12

move
[0]

board
 14  6  7  3
  2  8  0 []
  5  4 11 13
 10  9  1 12

move
[3]

board
 14  6  7 []
  2  8  0  3
  5  4 11 13
 10  9  1 12

move
[1]

board
 14  6 []  7
  2  8  0  3
  5  4 11 13
 10  9  1 12

move
[2]

board
 14  6  0  7
  2  8 []  3
  5  4 11 13
 10  9  1 12

from-to
E2
D1

move
[1]

board
 14  6  0  7
  2 []  8  3
  5  4 11 13
 10  9  1 12

move
[3]

board
 14 []  0  7
  2  6  8  3
  5  4 11 13
 10  9  1 12

move
[0]

board
 14  0 []  7
  2  6  8  3
  5  4 11 13
 10  9  1 12

move
[2]

board
 14  0  8  7
  2  6 []  3
  5  4 11 13
 10  9  1 12

move
[1]

board
 14  0  8  7
  2 []  6  3
  5  4 11 13
 10  9  1 12

move
[1]

board
 14  0  8  7
 []  2  6  3
  5  4 11 13
 10  9  1 12

move
[3]

board
 []  0  8  7
 14  2  6  3
  5  4 11 13
 10  9  1 12

move
[0]

board
  0 []  8  7
 14  2  6  3
  5  4 11 13
 10  9  1 12

from-to
D1
D4

move
[2]

board
  0  2  8  7
 14 []  6  3
  5  4 11 13
 10  9  1 12

move
[2]

board
  0  2  8  7
 14  4  6  3
  5 [] 11 13
 10  9  1 12

move
[1]

board
  0  2  8  7
 14  4  6  3
 []  5 11 13
 10  9  1 12

move
[3]

board
  0  2  8  7
 []  4  6  3
 14  5 11 13
 10  9  1 12

move
[0]

board
  0  2  8  7
  4 []  6  3
 14  5 11 13
 10  9  1 12

move
[0]

board
  0  2  8  7
  4  6 []  3
 14  5 11 13
 10  9  1 12

move
[2]

board
  0  2  8  7
  4  6 11  3
 14  5 [] 13
 10  9  1 12

move
[2]

board
  0  2  8  7
  4  6 11  3
 14  5  1 13
 10  9 [] 12

from-to
D4
D6_2

move
[1]

board
  0  2  8  7
  4  6 11  3
 14  5  1 13
 10 []  9 12

move
[3]

board
  0  2  8  7
  4  6 11  3
 14 []  1 13
 10  5  9 12

move
[0]

board
  0  2  8  7
  4  6 11  3
 14  1 [] 13
 10  5  9 12

move
[3]

board
  0  2  8  7
  4  6 []  3
 14  1 11 13
 10  5  9 12

move
[1]

board
  0  2  8  7
  4 []  6  3
 14  1 11 13
 10  5  9 12

move
[2]

board
  0  2  8  7
  4  1  6  3
 14 [] 11 13
 10  5  9 12

from-to
D6_2
C

move
[0]

board
  0  2  8  7
  4  1  6  3
 14 11 [] 13
 10  5  9 12

move
[3]

board
  0  2  8  7
  4  1 []  3
 14 11  6 13
 10  5  9 12

move
[3]

board
  0  2 []  7
  4  1  8  3
 14 11  6 13
 10  5  9 12

move
[1]

board
  0 []  2  7
  4  1  8  3
 14 11  6 13
 10  5  9 12

move
[2]

board
  0  1  2  7
  4 []  8  3
 14 11  6 13
 10  5  9 12

from-to
C
C35

move
[3]

board
  0 []  2  7
  4  1  8  3
 14 11  6 13
 10  5  9 12

move
[0]

board
  0  2 []  7
  4  1  8  3
 14 11  6 13
 10  5  9 12

move
[0]

board
  0  2  7 []
  4  1  8  3
 14 11  6 13
 10  5  9 12

move
[2]

board
  0  2  7  3
  4  1  8 []
 14 11  6 13
 10  5  9 12

move
[1]

board
  0  2  7  3
  4  1 []  8
 14 11  6 13
 10  5  9 12

move
[3]

board
  0  2 []  3
  4  1  7  8
 14 11  6 13
 10  5  9 12

move
[1]

board
  0 []  2  3
  4  1  7  8
 14 11  6 13
 10  5  9 12

move
[2]

board
  0  1  2  3
  4 []  7  8
 14 11  6 13
 10  5  9 12

from-to
C35
C37

move
[2]

board
  0  1  2  3
  4 11  7  8
 14 []  6 13
 10  5  9 12

move
[2]

board
  0  1  2  3
  4 11  7  8
 14  5  6 13
 10 []  9 12

move
[0]

board
  0  1  2  3
  4 11  7  8
 14  5  6 13
 10  9 [] 12

move
[3]

board
  0  1  2  3
  4 11  7  8
 14  5 [] 13
 10  9  6 12

move
[1]

board
  0  1  2  3
  4 11  7  8
 14 []  5 13
 10  9  6 12

move
[1]

board
  0  1  2  3
  4 11  7  8
 [] 14  5 13
 10  9  6 12

move
[2]

board
  0  1  2  3
  4 11  7  8
 10 14  5 13
 []  9  6 12

move
[0]

board
  0  1  2  3
  4 11  7  8
 10 14  5 13
  9 []  6 12

from-to
C37
C42

move
[0]

board
  0  1  2  3
  4 11  7  8
 10 14  5 13
  9  6 [] 12

move
[0]

board
  0  1  2  3
  4 11  7  8
 10 14  5 13
  9  6 12 []

move
[3]

board
  0  1  2  3
  4 11  7  8
 10 14  5 []
  9  6 12 13

move
[1]

board
  0  1  2  3
  4 11  7  8
 10 14 []  5
  9  6 12 13

move
[2]

board
  0  1  2  3
  4 11  7  8
 10 14 12  5
  9  6 [] 13

move
[1]

board
  0  1  2  3
  4 11  7  8
 10 14 12  5
  9 []  6 13

move
[3]

board
  0  1  2  3
  4 11  7  8
 10 [] 12  5
  9 14  6 13

move
[0]

board
  0  1  2  3
  4 11  7  8
 10 12 []  5
  9 14  6 13

from-to
C42
C45

move
[3]

board
  0  1  2  3
  4 11 []  8
 10 12  7  5
  9 14  6 13

move
[0]

board
  0  1  2  3
  4 11  8 []
 10 12  7  5
  9 14  6 13

move
[2]

board
  0  1  2  3
  4 11  8  5
 10 12  7 []
  9 14  6 13

move
[1]

board
  0  1  2  3
  4 11  8  5
 10 12 []  7
  9 14  6 13

move
[3]

board
  0  1  2  3
  4 11 []  5
 10 12  8  7
  9 14  6 13

from-to
C45
C46

move
[2]

board
  0  1  2  3
  4 11  8  5
 10 12 []  7
  9 14  6 13

move
[2]

board
  0  1  2  3
  4 11  8  5
 10 12  6  7
  9 14 [] 13

move
[1]

board
  0  1  2  3
  4 11  8  5
 10 12  6  7
  9 [] 14 13

move
[1]

board
  0  1  2  3
  4 11  8  5
 10 12  6  7
 []  9 14 13

move
[3]

board
  0  1  2  3
  4 11  8  5
 [] 12  6  7
 10  9 14 13

move
[0]

board
  0  1  2  3
  4 11  8  5
 12 []  6  7
 10  9 14 13

move
[0]

board
  0  1  2  3
  4 11  8  5
 12  6 []  7
 10  9 14 13

move
[3]

board
  0  1  2  3
  4 11 []  5
 12  6  8  7
 10  9 14 13

from-to
C46
B

move
[1]

board
  0  1  2  3
  4 [] 11  5
 12  6  8  7
 10  9 14 13

move
[2]

board
  0  1  2  3
  4  6 11  5
 12 []  8  7
 10  9 14 13

move
[0]

board
  0  1  2  3
  4  6 11  5
 12  8 []  7
 10  9 14 13

move
[2]

board
  0  1  2  3
  4  6 11  5
 12  8 14  7
 10  9 [] 13

move
[1]

board
  0  1  2  3
  4  6 11  5
 12  8 14  7
 10 []  9 13

move
[1]

board
  0  1  2  3
  4  6 11  5
 12  8 14  7
 [] 10  9 13

move
[3]

board
  0  1  2  3
  4  6 11  5
 []  8 14  7
 12 10  9 13

move
[0]

board
  0  1  2  3
  4  6 11  5
  8 [] 14  7
 12 10  9 13

from-to
B
B18

move
[3]

board
  0  1  2  3
  4 [] 11  5
  8  6 14  7
 12 10  9 13

move
[0]

board
  0  1  2  3
  4 11 []  5
  8  6 14  7
 12 10  9 13

move
[0]

board
  0  1  2  3
  4 11  5 []
  8  6 14  7
 12 10  9 13

move
[2]

board
  0  1  2  3
  4 11  5  7
  8  6 14 []
 12 10  9 13

move
[1]

board
  0  1  2  3
  4 11  5  7
  8  6 [] 14
 12 10  9 13

move
[1]

board
  0  1  2  3
  4 11  5  7
  8 []  6 14
 12 10  9 13

move
[3]

board
  0  1  2  3
  4 []  5  7
  8 11  6 14
 12 10  9 13

move
[0]

board
  0  1  2  3
  4  5 []  7
  8 11  6 14
 12 10  9 13

from-to
B18
B44

move
[2]

board
  0  1  2  3
  4  5  6  7
  8 11 [] 14
 12 10  9 13

move
[1]

board
  0  1  2  3
  4  5  6  7
  8 [] 11 14
 12 10  9 13

move
[2]

board
  0  1  2  3
  4  5  6  7
  8 10 11 14
 12 []  9 13

move
[0]

board
  0  1  2  3
  4  5  6  7
  8 10 11 14
 12  9 [] 13

from-to
B44
Final

move
[0]

board
  0  1  2  3
  4  5  6  7
  8 10 11 14
 12  9 13 []

move
[3]

board
  0  1  2  3
  4  5  6  7
  8 10 11 []
 12  9 13 14

move
[1]

board
  0  1  2  3
  4  5  6  7
  8 10 [] 11
 12  9 13 14

move
[1]

board
  0  1  2  3
  4  5  6  7
  8 [] 10 11
 12  9 13 14

move
[2]

board
  0  1  2  3
  4  5  6  7
  8  9 10 11
 12 [] 13 14

move
[0]

board
  0  1  2  3
  4  5  6  7
  8  9 10 11
 12 13 [] 14

move
[0]

board
  0  1  2  3
  4  5  6  7
  8  9 10 11
 12 13 14 []

move end

98
