#end
finals: ['Final']
size: {'byname': 75, 'bygoal': 75}
  0 13 10  4
  2  8  3 14
 11  9  7  5
  6  1 [] 12
[0, 13, 10, 4, 2, 8, 3, 14, 11, 9, 7, 5, 6, 1, 15, 12]
40.023311376571655
[[(0, [3]), (0, [3]), (0, [3]), (0, [0]), (0, [2]), (0, [1]), (0, [3]), (0, [1]), (0, [2]), (0, [0]), (0, [2]), (0, [1]), (0, [1]), (0, [3]), (0, [0]), (0, [2]), (0, [2]), (0, [0]), (0, [3]), (0, [3]), (0, [1]), (0, [2]), (0, [0]), (0, [3]), (0, [3]), (0, [1]), (0, [2]), (0, [2]), (0, [0]), (0, [3]), (0, [1]), (0, [2]), (0, [1]), (0, [2]), (0, [0]), (0, [0]), (0, [3]), (0, [1]), (0, [0]), (0, [0]), (0, [3]), (0, [3]), (0, [1]), (0, [2]), (0, [2]), (0, [1]), (0, [3]), (0, [0]), (0, [2]), (0, [0]), (0, [3]), (0, [3]), (0, [1]), (0, [2]), (0, [1]), (0, [2]), (0, [1]), (0, [2]), (0, [0]), (0, [0]), (0, [0]), (0, [3]), (0, [1]), (0, [2]), (0, [1]), (0, [3]), (0, [0]), (0, [0]), (0, [3]), (0, [1]), (0, [2]), (0, [0]), (0, [2]), (0, [1]), (0, [1]), (0, [1]), (0, [3]), (0, [0]), (0, [0]), (0, [2]), (0, [1]), (0, [1]), (0, [3]), (0, [0]), (0, [3]), (0, [0]), (0, [0]), (0, [2]), (0, [1]), (0, [1]), (0, [3]), (0, [0]), (0, [1]), (0, [2]), (0, [2]), (0, [0]), (0, [3]), (0, [1]), (0, [3]), (0, [0]), (0, [2]), (0, [0]), (0, [3]), (0, [1]), (0, [2]), (0, [2]), (0, [0]), (0, [3]), (0, [1]), (0, [1]), (0, [2]), (0, [0]), (0, [0])]] 113
from-to

D3

move
[3]

board
  0 13 10  4
  2  8  3 14
 11  9 []  5
  6  1  7 12

move
[3]

board
  0 13 10  4
  2  8 [] 14
 11  9  3  5
  6  1  7 12

move
[3]

board
  0 13 []  4
  2  8 10 14
 11  9  3  5
  6  1  7 12

move
[0]

board
  0 13  4 []
  2  8 10 14
 11  9  3  5
  6  1  7 12

move
[2]

board
  0 13  4 14
  2  8 10 []
 11  9  3  5
  6  1  7 12

move
[1]

board
  0 13  4 14
  2  8 [] 10
 11  9  3  5
  6  1  7 12

move
[3]

board
  0 13 [] 14
  2  8  4 10
 11  9  3  5
  6  1  7 12

from-to
D3
D4

move
[1]

board
  0 [] 13 14
  2  8  4 10
 11  9  3  5
  6  1  7 12

move
[2]

board
  0  8 13 14
  2 []  4 10
 11  9  3  5
  6  1  7 12

move
[0]

board
  0  8 13 14
  2  4 [] 10
 11  9  3  5
  6  1  7 12

move
[2]

board
  0  8 13 14
  2  4  3 10
 11  9 []  5
  6  1  7 12

move
[1]

board
  0  8 13 14
  2  4  3 10
 11 []  9  5
  6  1  7 12

move
[1]

board
  0  8 13 14
  2  4  3 10
 [] 11  9  5
  6  1  7 12

move
[3]

board
  0  8 13 14
 []  4  3 10
  2 11  9  5
  6  1  7 12

move
[0]

board
  0  8 13 14
  4 []  3 10
  2 11  9  5
  6  1  7 12

from-to
D4
D6_2

move
[2]

board
  0  8 13 14
  4 11  3 10
  2 []  9  5
  6  1  7 12

move
[2]

board
  0  8 13 14
  4 11  3 10
  2  1  9  5
  6 []  7 12

move
[0]

board
  0  8 13 14
  4 11  3 10
  2  1  9  5
  6  7 [] 12

move
[3]

board
  0  8 13 14
  4 11  3 10
  2  1 []  5
  6  7  9 12

move
[3]

board
  0  8 13 14
  4 11 [] 10
  2  1  3  5
  6  7  9 12

move
[1]

board
  0  8 13 14
  4 [] 11 10
  2  1  3  5
  6  7  9 12

move
[2]

board
  0  8 13 14
  4  1 11 10
  2 []  3  5
  6  7  9 12

from-to
D6_2
C

move
[0]

board
  0  8 13 14
  4  1 11 10
  2  3 []  5
  6  7  9 12

move
[3]

board
  0  8 13 14
  4  1 [] 10
  2  3 11  5
  6  7  9 12

move
[3]

board
  0  8 [] 14
  4  1 13 10
  2  3 11  5
  6  7  9 12

move
[1]

board
  0 []  8 14
  4  1 13 10
  2  3 11  5
  6  7  9 12

move
[2]

board
  0  1  8 14
  4 [] 13 10
  2  3 11  5
  6  7  9 12

from-to
C
C23

move
[2]

board
  0  1  8 14
  4  3 13 10
  2 [] 11  5
  6  7  9 12

move
[0]

board
  0  1  8 14
  4  3 13 10
  2 11 []  5
  6  7  9 12

move
[3]

board
  0  1  8 14
  4  3 [] 10
  2 11 13  5
  6  7  9 12

move
[1]

board
  0  1  8 14
  4 []  3 10
  2 11 13  5
  6  7  9 12

move
[2]

board
  0  1  8 14
  4 11  3 10
  2 [] 13  5
  6  7  9 12

move
[1]

board
  0  1  8 14
  4 11  3 10
 []  2 13  5
  6  7  9 12

from-to
C23
C25

move
[2]

board
  0  1  8 14
  4 11  3 10
  6  2 13  5
 []  7  9 12

move
[0]

board
  0  1  8 14
  4 11  3 10
  6  2 13  5
  7 []  9 12

move
[0]

board
  0  1  8 14
  4 11  3 10
  6  2 13  5
  7  9 [] 12

move
[3]

board
  0  1  8 14
  4 11  3 10
  6  2 []  5
  7  9 13 12

move
[1]

board
  0  1  8 14
  4 11  3 10
  6 []  2  5
  7  9 13 12

from-to
C25
C26

move
[0]

board
  0  1  8 14
  4 11  3 10
  6  2 []  5
  7  9 13 12

move
[0]

board
  0  1  8 14
  4 11  3 10
  6  2  5 []
  7  9 13 12

move
[3]

board
  0  1  8 14
  4 11  3 []
  6  2  5 10
  7  9 13 12

move
[3]

board
  0  1  8 []
  4 11  3 14
  6  2  5 10
  7  9 13 12

move
[1]

board
  0  1 []  8
  4 11  3 14
  6  2  5 10
  7  9 13 12

move
[2]

board
  0  1  3  8
  4 11 [] 14
  6  2  5 10
  7  9 13 12

move
[2]

board
  0  1  3  8
  4 11  5 14
  6  2 [] 10
  7  9 13 12

move
[1]

board
  0  1  3  8
  4 11  5 14
  6 []  2 10
  7  9 13 12

from-to
C26
C35

move
[3]

board
  0  1  3  8
  4 []  5 14
  6 11  2 10
  7  9 13 12

move
[0]

board
  0  1  3  8
  4  5 [] 14
  6 11  2 10
  7  9 13 12

move
[2]

board
  0  1  3  8
  4  5  2 14
  6 11 [] 10
  7  9 13 12

move
[0]

board
  0  1  3  8
  4  5  2 14
  6 11 10 []
  7  9 13 12

move
[3]

board
  0  1  3  8
  4  5  2 []
  6 11 10 14
  7  9 13 12

move
[3]

board
  0  1  3 []
  4  5  2  8
  6 11 10 14
  7  9 13 12

move
[1]

board
  0  1 []  3
  4  5  2  8
  6 11 10 14
  7  9 13 12

move
[2]

board
  0  1  2  3
  4  5 []  8
  6 11 10 14
  7  9 13 12

from-to
C35
C37

move
[1]

board
  0  1  2  3
  4 []  5  8
  6 11 10 14
  7  9 13 12

move
[2]

board
  0  1  2  3
  4 11  5  8
  6 [] 10 14
  7  9 13 12

move
[1]

board
  0  1  2  3
  4 11  5  8
 []  6 10 14
  7  9 13 12

move
[2]

board
  0  1  2  3
  4 11  5  8
  7  6 10 14
 []  9 13 12

move
[0]

board
  0  1  2  3
  4 11  5  8
  7  6 10 14
  9 [] 13 12

from-to
C37
C42

move
[0]

board
  0  1  2  3
  4 11  5  8
  7  6 10 14
  9 13 [] 12

move
[0]

board
  0  1  2  3
  4 11  5  8
  7  6 10 14
  9 13 12 []

move
[3]

board
  0  1  2  3
  4 11  5  8
  7  6 10 []
  9 13 12 14

move
[1]

board
  0  1  2  3
  4 11  5  8
  7  6 [] 10
  9 13 12 14

move
[2]

board
  0  1  2  3
  4 11  5  8
  7  6 12 10
  9 13 [] 14

move
[1]

board
  0  1  2  3
  4 11  5  8
  7  6 12 10
  9 [] 13 14

move
[3]

board
  0  1  2  3
  4 11  5  8
  7 [] 12 10
  9  6 13 14

move
[0]

board
  0  1  2  3
  4 11  5  8
  7 12 [] 10
  9  6 13 14

from-to
C42
C45

move
[0]

board
  0  1  2  3
  4 11  5  8
  7 12 10 []
  9  6 13 14

move
[3]

board
  0  1  2  3
  4 11  5 []
  7 12 10  8
  9  6 13 14

move
[1]

board
  0  1  2  3
  4 11 []  5
  7 12 10  8
  9  6 13 14

move
[2]

board
  0  1  2  3
  4 11 10  5
  7 12 []  8
  9  6 13 14

move
[0]

board
  0  1  2  3
  4 11 10  5
  7 12  8 []
  9  6 13 14

from-to
C45
C47

move
[2]

board
  0  1  2  3
  4 11 10  5
  7 12  8 14
  9  6 13 []

move
[1]

board
  0  1  2  3
  4 11 10  5
  7 12  8 14
  9  6 [] 13

move
[1]

board
  0  1  2  3
  4 11 10  5
  7 12  8 14
  9 []  6 13

move
[1]

board
  0  1  2  3
  4 11 10  5
  7 12  8 14
 []  9  6 13

move
[3]

board
  0  1  2  3
  4 11 10  5
 [] 12  8 14
  7  9  6 13

move
[0]

board
  0  1  2  3
  4 11 10  5
 12 []  8 14
  7  9  6 13

move
[0]

board
  0  1  2  3
  4 11 10  5
 12  8 [] 14
  7  9  6 13

from-to
C47
B

move
[2]

board
  0  1  2  3
  4 11 10  5
 12  8  6 14
  7  9 [] 13

move
[1]

board
  0  1  2  3
  4 11 10  5
 12  8  6 14
  7 []  9 13

move
[1]

board
  0  1  2  3
  4 11 10  5
 12  8  6 14
 []  7  9 13

move
[3]

board
  0  1  2  3
  4 11 10  5
 []  8  6 14
 12  7  9 13

move
[0]

board
  0  1  2  3
  4 11 10  5
  8 []  6 14
 12  7  9 13

from-to
B
B21

move
[3]

board
  0  1  2  3
  4 [] 10  5
  8 11  6 14
 12  7  9 13

move
[0]

board
  0  1  2  3
  4 10 []  5
  8 11  6 14
 12  7  9 13

move
[0]

board
  0  1  2  3
  4 10  5 []
  8 11  6 14
 12  7  9 13

move
[2]

board
  0  1  2  3
  4 10  5 14
  8 11  6 []
 12  7  9 13

move
[1]

board
  0  1  2  3
  4 10  5 14
  8 11 []  6
 12  7  9 13

move
[1]

board
  0  1  2  3
  4 10  5 14
  8 [] 11  6
 12  7  9 13

move
[3]

board
  0  1  2  3
  4 []  5 14
  8 10 11  6
 12  7  9 13

move
[0]

board
  0  1  2  3
  4  5 [] 14
  8 10 11  6
 12  7  9 13

from-to
B21
B36_2

move
[1]

board
  0  1  2  3
  4 []  5 14
  8 10 11  6
 12  7  9 13

move
[2]

board
  0  1  2  3
  4 10  5 14
  8 [] 11  6
 12  7  9 13

move
[2]

board
  0  1  2  3
  4 10  5 14
  8  7 11  6
 12 []  9 13

move
[0]

board
  0  1  2  3
  4 10  5 14
  8  7 11  6
 12  9 [] 13

move
[3]

board
  0  1  2  3
  4 10  5 14
  8  7 []  6
 12  9 11 13

move
[1]

board
  0  1  2  3
  4 10  5 14
  8 []  7  6
 12  9 11 13

move
[3]

board
  0  1  2  3
  4 []  5 14
  8 10  7  6
 12  9 11 13

move
[0]

board
  0  1  2  3
  4  5 [] 14
  8 10  7  6
 12  9 11 13

from-to
B36_2
B44

move
[2]

board
  0  1  2  3
  4  5  7 14
  8 10 []  6
 12  9 11 13

move
[0]

board
  0  1  2  3
  4  5  7 14
  8 10  6 []
 12  9 11 13

move
[3]

board
  0  1  2  3
  4  5  7 []
  8 10  6 14
 12  9 11 13

move
[1]

board
  0  1  2  3
  4  5 []  7
  8 10  6 14
 12  9 11 13

move
[2]

board
  0  1  2  3
  4  5  6  7
  8 10 [] 14
 12  9 11 13

from-to
B44
Final

move
[2]

board
  0  1  2  3
  4  5  6  7
  8 10 11 14
 12  9 [] 13

move
[0]

board
  0  1  2  3
  4  5  6  7
  8 10 11 14
 12  9 13 []

move
[3]

board
  0  1  2  3
  4  5  6  7
  8 10 11 []
 12  9 13 14

move
[1]

board
  0  1  2  3
  4  5  6  7
  8 10 [] 11
 12  9 13 14

move
[1]

board
  0  1  2  3
  4  5  6  7
  8 [] 10 11
 12  9 13 14

move
[2]

board
  0  1  2  3
  4  5  6  7
  8  9 10 11
 12 [] 13 14

move
[0]

board
  0  1  2  3
  4  5  6  7
  8  9 10 11
 12 13 [] 14

move
[0]

board
  0  1  2  3
  4  5  6  7
  8  9 10 11
 12 13 14 []

move end

113
